time	V(n001)
0.000000000000000e+000	-9.988309e+000
4.319999968860344e-009	-9.988285e+000
6.017142823682472e-009	-9.988285e+000
7.714285678504599e-009	-9.988285e+000
9.411428533326725e-009	-9.988284e+000
1.110857138814885e-008	-9.988284e+000
1.280571424297098e-008	-9.988283e+000
1.450285709779311e-008	-9.988282e+000
1.619999995261523e-008	-9.988280e+000
2.939999993456510e-008	-9.988284e+000
2.999999998420933e-008	-9.988285e+000
3.000010001530384e-008	-9.988285e+000
3.000046050471994e-008	-9.988285e+000
3.000049947354810e-008	-9.448924e+000
3.000052800627984e-008	-8.574886e+000
3.000055520674394e-008	-8.116591e+000
3.000061874322160e-008	-8.110428e+000
3.000068227969928e-008	-8.104949e+000
3.000074581617694e-008	-8.100155e+000
3.000080935265460e-008	-8.096046e+000
3.000087288913227e-008	-8.092622e+000
3.000093642560994e-008	-8.089883e+000
3.000099996208760e-008	-8.087829e+000
3.000116008796841e-008	-8.088636e+000
3.000132021384923e-008	-8.091521e+000
3.000148033973003e-008	-8.096482e+000
3.000164046561084e-008	-8.103519e+000
3.000180059149165e-008	-8.112634e+000
3.000196071737246e-008	-8.123824e+000
3.000212084325327e-008	-8.137092e+000
3.000246812101537e-008	-8.161528e+000
3.000277176701260e-008	-8.179770e+000
3.000304277245292e-008	-8.192797e+000
3.000329246161115e-008	-8.203886e+000
3.000353371307440e-008	-8.215376e+000
3.000379450446289e-008	-8.228896e+000
3.000406995079530e-008	-8.244017e+000
3.000437526212707e-008	-8.261264e+000
3.000475462533458e-008	-8.282683e+000
3.000522069696032e-008	-8.308130e+000
3.000581766388066e-008	-8.338422e+000
3.000657716745181e-008	-8.372540e+000
3.000757115012576e-008	-8.410046e+000
3.000876130920815e-008	-8.446230e+000
3.000993492596749e-008	-8.474028e+000
3.001133191959937e-008	-8.499286e+000
3.001292275817136e-008	-8.520957e+000
3.001499698784826e-008	-8.541740e+000
3.001762211018999e-008	-8.560813e+000
3.002153320386114e-008	-8.582246e+000
3.002570708732222e-008	-8.602605e+000
3.003139054102988e-008	-8.633431e+000
3.003706511295334e-008	-8.671376e+000
3.004323728683644e-008	-8.718030e+000
3.004691490060552e-008	-8.745589e+000
3.005073739847930e-008	-8.772537e+000
3.005545906598073e-008	-8.803674e+000
3.006297771834809e-008	-8.849456e+000
3.007154542045143e-008	-8.896496e+000
3.008309928942410e-008	-8.952229e+000
3.009587828950444e-008	-9.005980e+000
3.010748911291827e-008	-9.048642e+000
3.011954902154557e-008	-9.087823e+000
3.013262955819940e-008	-9.125825e+000
3.014772081977313e-008	-9.165164e+000
3.016444577452759e-008	-9.204281e+000
3.018396360632281e-008	-9.245224e+000
3.020511102347356e-008	-9.285076e+000
3.022828626297880e-008	-9.324476e+000
3.025123268551866e-008	-9.360101e+000
3.026894362934129e-008	-9.385534e+000
3.028544021121959e-008	-9.407702e+000
3.030199430265057e-008	-9.428680e+000
3.031962897415141e-008	-9.449681e+000
3.034273149404854e-008	-9.475342e+000
3.036782808552019e-008	-9.501046e+000
3.039760937406655e-008	-9.528843e+000
3.042966195687669e-008	-9.555860e+000
3.046815505447498e-008	-9.584934e+000
3.051192615233234e-008	-9.614406e+000
3.056587799532551e-008	-9.646909e+000
3.061137626714228e-008	-9.671682e+000
3.065688586323390e-008	-9.694212e+000
3.071031823287385e-008	-9.718178e+000
3.079830551699914e-008	-9.754031e+000
3.085902194888135e-008	-9.776793e+000
3.091629902085558e-008	-9.796790e+000
3.097868145340854e-008	-9.817363e+000
3.106179319312119e-008	-9.843204e+000
3.114991936614686e-008	-9.868595e+000
3.128574183053345e-008	-9.903959e+000
3.141135923589999e-008	-9.931870e+000
3.158898315147596e-008	-9.962223e+000
3.177926327646574e-008	-9.982247e+000
3.201195492019693e-008	-9.988459e+000
3.224590178207976e-008	-9.974983e+000
3.250605612459268e-008	-9.938914e+000
3.275795629198441e-008	-9.886866e+000
3.305891810301276e-008	-9.810113e+000
3.340201487622707e-008	-9.714999e+000
3.373167672959809e-008	-9.624177e+000
3.406594500932059e-008	-9.539151e+000
3.447339397277816e-008	-9.449284e+000
3.501357698221241e-008	-9.349413e+000
3.546778121199523e-008	-9.279325e+000
3.591044756001693e-008	-9.220560e+000
3.637730400241068e-008	-9.163701e+000
3.690141486822895e-008	-9.102119e+000
3.751355176495608e-008	-9.030604e+000
3.836504630649884e-008	-8.931402e+000
3.938086462484947e-008	-8.815289e+000
4.052136554077990e-008	-8.688692e+000
4.184136553897488e-008	-8.544319e+000
4.316136553716987e-008	-8.398602e+000
4.448136553536486e-008	-8.250815e+000
4.580136553355985e-008	-8.102887e+000
4.712136553175483e-008	-7.956294e+000
4.844136552994982e-008	-7.810764e+000
4.976136552814481e-008	-7.665552e+000
5.108136552633980e-008	-7.520576e+000
5.240136552453478e-008	-7.376176e+000
5.372136552272977e-008	-7.232485e+000
5.504136552092476e-008	-7.089375e+000
5.636136551911974e-008	-6.946767e+000
5.768136551731473e-008	-6.804739e+000
5.900136551550972e-008	-6.663378e+000
6.032136551370471e-008	-6.522699e+000
6.164136551189969e-008	-6.382692e+000
6.296136551009468e-008	-6.243373e+000
6.428136550828967e-008	-6.104780e+000
6.560136550648466e-008	-5.967142e+000
6.692136550467964e-008	-5.831217e+000
6.816608127957480e-008	-5.705529e+000
6.905163724146846e-008	-5.618335e+000
7.002267982114674e-008	-5.525096e+000
7.125199014135220e-008	-5.409201e+000
7.257199013954718e-008	-5.286059e+000
7.389199013774217e-008	-5.163459e+000
7.521199013593716e-008	-5.041112e+000
7.653199013413214e-008	-4.919141e+000
7.785199013232713e-008	-4.797703e+000
7.917199013052212e-008	-4.676808e+000
8.181199012691209e-008	-4.436417e+000
8.916627583114131e-008	-3.776717e+000
9.652056153537053e-008	-3.129005e+000
1.038748472395997e-007	-2.493282e+000
1.112291329438290e-007	-1.869546e+000
1.185834186480582e-007	-1.257799e+000
1.259377043522874e-007	-6.580402e-001
1.332919900565166e-007	-7.026955e-002
1.346119900547116e-007	3.416723e-002
1.372519900511016e-007	2.419734e-001
1.504519900330514e-007	1.257787e+000
1.636519900150013e-007	2.241851e+000
1.768519899969512e-007	3.194167e+000
1.900519899789011e-007	4.114734e+000
2.032519899608510e-007	5.003552e+000
2.164519899428008e-007	5.860621e+000
2.296519899247507e-007	6.685941e+000
2.345548470609035e-007	6.985599e+000
2.394577041970563e-007	7.281060e+000
2.443605613332091e-007	7.572325e+000
2.492634184693619e-007	7.859393e+000
2.541662756055147e-007	8.142265e+000
2.590691327416675e-007	8.420940e+000
2.639719898778203e-007	8.695418e+000
2.656691327326425e-007	8.789393e+000
2.673662755874646e-007	8.882809e+000
2.690634184422867e-007	8.975666e+000
2.707605612971088e-007	9.067964e+000
2.724577041519310e-007	9.159704e+000
2.741548470067531e-007	9.250885e+000
2.758519898615752e-007	9.341507e+000
2.771719898597702e-007	9.411547e+000
2.784919898579652e-007	9.481201e+000
2.824519898525502e-007	9.687704e+000
2.837719898507451e-007	9.755508e+000
2.850919898489401e-007	9.821767e+000
2.864119898471351e-007	9.884226e+000
2.877319898453301e-007	9.940428e+000
2.890519898435251e-007	9.989656e+000
2.902865319787118e-007	1.002974e+001
2.916065319769068e-007	1.006634e+001
2.929265319751018e-007	1.009644e+001
2.938099167848485e-007	1.011229e+001
2.945942090826215e-007	1.012331e+001
2.952677947143378e-007	1.013098e+001
2.959679533121040e-007	1.013700e+001
2.967116274343873e-007	1.014047e+001
2.973401624362104e-007	1.013995e+001
2.979381993895025e-007	1.013599e+001
2.985931702448319e-007	1.012878e+001
2.992827504155748e-007	1.011912e+001
3.001505957667128e-007	1.010443e+001
3.012815356639997e-007	1.008079e+001
3.020534024567034e-007	1.006012e+001
3.027551525591754e-007	1.003682e+001
3.034865808104748e-007	1.000966e+001
3.048065808086697e-007	9.962145e+000
3.061265808068647e-007	9.926168e+000
3.074465808050597e-007	9.910666e+000
3.087665808032547e-007	9.918015e+000
3.100865808014497e-007	9.942959e+000
3.114065807996447e-007	9.975800e+000
3.127265807978397e-007	1.000672e+001
3.140465807960347e-007	1.002840e+001
3.153665807942296e-007	1.003606e+001
3.166865807924246e-007	1.002635e+001
3.180065807906196e-007	9.999672e+000
3.193265807888146e-007	9.964584e+000
3.206465807870096e-007	9.934988e+000
3.219665807852046e-007	9.921972e+000
3.232865807833996e-007	9.929010e+000
3.246065807815945e-007	9.951998e+000
3.259265807797895e-007	9.982039e+000
3.272465807779845e-007	1.000907e+001
3.285665807761795e-007	1.002472e+001
3.298865807743745e-007	1.002824e+001
3.299999999373249e-007	1.002773e+001
